test <- 1+1
test_2 <- 2+2